0 0
0.010101 0.00499949
0.020202 0.00989695
0.030303 0.0146924
0.040404 0.0193858
0.0505051 0.0239771
0.0606061 0.0284665
0.0707071 0.0328538
0.0808081 0.0371391
0.0909091 0.0413223
0.10101 0.0454035
0.111111 0.0493827
0.121212 0.0532599
0.131313 0.057035
0.141414 0.0607081
0.151515 0.0642792
0.161616 0.0677482
0.171717 0.0711152
0.181818 0.0743802
0.191919 0.0775431
0.20202 0.080604
0.212121 0.0835629
0.222222 0.0864198
0.232323 0.0891746
0.242424 0.0918274
0.252525 0.0943781
0.262626 0.0968269
0.272727 0.0991736
0.282828 0.101418
0.292929 0.103561
0.30303 0.105601
0.313131 0.10754
0.323232 0.109377
0.333333 0.111111
0.343434 0.112744
0.353535 0.114274
0.363636 0.115702
0.373737 0.117029
0.383838 0.118253
0.393939 0.119376
0.40404 0.120396
0.414141 0.121314
0.424242 0.12213
0.434343 0.122845
0.444444 0.123457
0.454545 0.123967
0.464646 0.124375
0.474747 0.124681
0.484848 0.124885
0.494949 0.124987
0.505051 0.124987
0.515152 0.124885
0.525253 0.124681
0.535354 0.124375
0.545455 0.123967
0.555556 0.123457
0.565657 0.122845
0.575758 0.12213
0.585859 0.121314
0.59596 0.120396
0.606061 0.119376
0.616162 0.118253
0.626263 0.117029
0.636364 0.115702
0.646465 0.114274
0.656566 0.112744
0.666667 0.111111
0.676768 0.109377
0.686869 0.10754
0.69697 0.105601
0.707071 0.103561
0.717172 0.101418
0.727273 0.0991736
0.737374 0.0968269
0.747475 0.0943781
0.757576 0.0918274
0.767677 0.0891746
0.777778 0.0864198
0.787879 0.0835629
0.79798 0.080604
0.808081 0.0775431
0.818182 0.0743802
0.828283 0.0711152
0.838384 0.0677482
0.848485 0.0642792
0.858586 0.0607081
0.868687 0.057035
0.878788 0.0532599
0.888889 0.0493827
0.89899 0.0454035
0.909091 0.0413223
0.919192 0.0371391
0.929293 0.0328538
0.939394 0.0284665
0.949495 0.0239771
0.959596 0.0193858
0.969697 0.0146924
0.979798 0.00989695
0.989899 0.00499949
1 0
